0 0 0 0 0 0 0 0 0 0 0 0 0 0 0 0 0 0 0 0 0 
0 8 48 122 166 224 291 327 377 462 505 540 570 596 612 622 715 812 879 880 956 
0 37 98 195 268 325 407 428 523 597 685 688 782 789 861 925 976 1035 1100 1182 1226 
0 80 188 197 358 376 471 494 528 635 710 722 832 883 926 941 1003 1036 1116 1222 1281 
0 87 196 235 403 448 567 657 736 820 919 945 1041 1121 1185 1199 1278 1309 1321 1326 1393 
0 105 228 274 469 568 595 741 780 866 992 1006 1081 1188 1257 1296 1385 1441 1456 1487 1495 
0 119 265 336 514 635 671 775 851 910 1011 1105 1151 1254 1325 1377 1421 1510 1512 1541 1575 
0 147 299 352 605 661 679 792 865 953 1050 1133 1207 1261 1359 1385 1492 1586 1592 1672 1688 
0 239 346 384 687 698 707 835 963 1044 1113 1154 1220 1277 1367 1452 1540 1682 1689 1706 1800 
0 299 426 486 750 804 833 864 1020 1115 1137 1251 1323 1350 1369 1532 1574 1695 1792 1822 1882 
0 308 505 509 767 850 902 982 1092 1208 1306 1388 1483 1539 1610 1676 1715 1745 1847 1857 1945 
0 348 545 638 827 892 917 1019 1175 1210 1349 1406 1526 1569 1707 1792 1807 1898 1979 2052 2081 
0 429 595 710 883 963 1046 1089 1222 1223 1393 1464 1571 1595 1730 1851 1874 1916 2017 2055 2151 
0 441 603 773 907 996 1049 1096 1267 1272 1487 1536 1594 1635 1732 1907 1928 2020 2054 2073 2205 
0 484 663 783 941 1010 1051 1190 1330 1361 1559 1635 1711 1756 1844 1939 2016 2079 2086 2120 2280 
0 486 679 876 1017 1030 1064 1191 1389 1422 1654 1731 1830 1890 1987 2041 2079 2090 2121 2205 2380 
0 547 685 911 1074 1134 1193 1293 1466 1522 1720 1785 1928 1985 2034 2133 2218 2262 2315 2409 2470 
0 594 695 1009 1101 1140 1274 1294 1514 1579 1744 1854 2007 2020 2121 2178 2222 2301 2344 2484 2518 
0 670 721 1052 1132 1143 1301 1380 1539 1658 1840 1891 2011 2087 2187 2216 2319 2378 2443 2539 2579 
0 712 792 1149 1228 1295 1320 1454 1592 1748 1903 1986 2069 2177 2238 2266 2340 2423 2534 2622 2674 
0 713 891 1206 1255 1311 1390 1463 1661 1817 1985 2076 2138 2232 2307 2365 2464 2516 2627 2658 2767 
0 726 967 1281 1338 1422 1446 1474 1671 1887 2044 2154 2181 2314 2406 2448 2526 2584 2639 2718 2784 
0 731 984 1350 1379 1474 1505 1601 1700 1927 2050 2168 2213 2337 2506 2545 2624 2709 2758 2811 2880 
0 819 1081 1384 1422 1515 1550 1690 1790 2007 2123 2228 2274 2350 2544 2559 2688 2747 2772 2883 2927 
0 857 1141 1417 1426 1538 1557 1747 1828 2097 2218 2240 2351 2444 2601 2616 2764 2841 2869 2960 2966 
0 871 1155 1444 1477 1546 1603 1768 1896 2105 2246 2267 2374 2538 2690 2741 2828 2894 2895 3030 3035 
0 954 1233 1458 1567 1580 1680 1855 1938 2139 2342 2400 2466 2564 2702 2835 2935 2956 3040 3064 3085 
0 1035 1315 1549 1623 1690 1770 1936 1990 2152 2390 2405 2505 2568 2740 2863 2997 3058 3097 3172 3207 
0 1128 1378 1593 1673 1743 1843 1995 2022 2227 2480 2498 2557 2612 2751 2865 3008 3111 3157 3256 3323 
0 1182 1382 1665 1701 1792 1933 2063 2127 2231 2485 2533 2561 2703 2817 2880 3102 3181 3182 3304 3341 
0 1248 1398 1730 1810 1875 2013 2109 2134 2277 2486 2551 2572 2704 2832 2922 3119 3267 3277 3332 3370 
0 1282 1476 1791 1824 1882 2014 2194 2205 2281 2569 2663 2750 2811 2923 2931 3173 3364 3429 3433 3492 
0 1334 1518 1835 1912 1931 2096 2230 2269 2335 2632 2700 2846 2893 2995 3043 3243 3410 3442 3489 3586 
0 1427 1521 1896 1946 1994 2154 2232 2325 2401 2709 2713 2915 2983 3024 3124 3261 3493 3581 3582 3607 
0 1466 1571 1897 2012 2080 2191 2240 2357 2460 2718 2740 2939 3067 3146 3166 3322 3570 3585 3652 3703 
0 1542 1604 1965 2039 2156 2219 2254 2375 2529 2802 2817 3020 3105 3225 3280 3341 3657 3732 3796 3868 
0 1546 1681 1986 2125 2200 2296 2341 2445 2550 2813 2888 3047 3133 3269 3310 3406 3718 3749 3804 3903 
0 1567 1699 2071 2219 2236 2389 2464 2479 2632 2841 2921 3147 3222 3284 3326 3454 3774 3805 3809 3993 
0 1582 1715 2106 2272 2358 2401 2550 2590 2661 2941 2968 3173 3254 3303 3397 3499 3865 3907 3961 4051 
0 1624 1809 2134 2369 2426 2428 2621 2631 2674 2951 3025 3233 3286 3390 3415 3592 3876 3969 3986 4068 
0 1695 1829 2143 2390 2472 2565 2665 2740 2753 2982 3118 3276 3329 3459 3531 3645 3973 3981 4029 4105 
0 1760 1875 2220 2462 2559 2581 2715 2753 2835 3006 3139 3323 3386 3539 3613 3689 4020 4083 4173 4196 
0 1802 1903 2221 2557 2604 2649 2769 2865 2942 3016 3147 3339 3484 3623 3659 3705 4033 4179 4207 4284 
0 1844 1917 2240 2566 2621 2681 2851 2890 2983 3040 3239 3380 3532 3666 3743 3811 4115 4185 4281 4296 
0 1851 1964 2324 2595 2624 2740 2869 2903 3066 3159 3299 3418 3625 3731 3773 3895 4161 4215 4353 4368 
0 1922 2012 2346 2637 2701 2767 2898 2988 3096 3250 3382 3487 3651 3735 3831 3916 4170 4266 4446 4525 
0 1990 2055 2430 2693 2739 2851 2975 3026 3125 3266 3385 3544 3744 3777 3902 3956 4182 4360 4537 4576 
0 1992 2088 2449 2696 2751 2900 3002 3095 3177 3286 3441 3612 3789 3825 3961 4026 4204 4406 4564 4644 
0 2066 2100 2529 2718 2816 2964 3043 3119 3246 3337 3519 3626 3886 3941 3982 4048 4265 4491 4583 4721 
0 2138 2188 2569 2747 2891 3009 3046 3134 3283 3383 3567 3636 3889 4034 4089 4160 4314 4556 4620 4744 
0 2216 2226 2630 2764 2946 3066 3073 3168 3362 3389 3589 3703 3959 4076 4135 4230 4379 4621 4705 4774 
0 2232 2245 2712 2844 2987 3141 3182 3205 3366 3447 3600 3747 4020 4097 4161 4255 4467 4643 4745 4817 
0 2329 2375 2752 2886 3017 3171 3238 3308 3422 3472 3611 3840 4040 4165 4238 4280 4540 4655 4758 4897 
0 2335 2426 2845 2903 3116 3251 3298 3317 3477 3549 3624 3928 4107 4235 4263 4349 4557 4728 4759 4948 
0 2344 2475 2903 2995 3183 3317 3342 3402 3500 3558 3661 3944 4120 4268 4333 4360 4565 4808 4896 4993 
0 2396 2572 2966 3039 3226 3349 3387 3476 3540 3650 3759 4034 4217 4300 4385 4428 4635 4823 4953 5048 
0 2410 2667 2989 3111 3281 3415 3489 3568 3607 3691 3766 4071 4253 4398 4432 4489 4694 4878 5008 5118 
0 2468 2719 3068 3211 3372 3457 3559 3649 3669 3764 3768 4142 4273 4410 4452 4514 4786 4886 5033 5145 
0 2562 2758 3075 3303 3403 3529 3613 3699 3711 3790 3831 4149 4347 4470 4564 4663 4826 4977 5119 5160 
0 2571 2767 3143 3333 3454 3543 3701 3712 3810 3857 3903 4182 4434 4493 4660 4681 4871 5063 5120 5176 
0 2588 2795 3196 3385 3479 3544 3786 3883 3959 3970 4007 4235 4529 4579 4706 4796 4881 5101 5152 5239 
0 2616 2817 3238 3412 3524 3632 3801 3916 4005 4067 4084 4286 4550 4678 4772 4862 4883 5120 5155 5326 
0 2677 2907 3293 3448 3563 3701 3823 3919 4096 4114 4201 4343 4574 4697 4807 4956 5049 5198 5290 5377 
0 2744 2992 3347 3529 3657 3736 3837 3951 4115 4181 4291 4384 4612 4767 4833 4976 5065 5255 5367 5468 
0 2750 3079 3443 3613 3756 3768 3925 3992 4193 4221 4294 4445 4684 4777 4900 5039 5087 5273 5377 5507 
0 2792 3107 3501 3664 3805 3824 3942 4040 4205 4317 4378 4533 4687 4792 4980 5135 5162 5303 5467 5605 
0 2806 3132 3515 3701 3813 3914 3977 4069 4261 4377 4461 4609 4787 4853 5006 5174 5238 5390 5483 5677 
0 2906 3185 3572 3780 3852 3986 4033 4113 4301 4401 4501 4638 4829 4893 5082 5256 5278 5425 5561 5701 
0 2978 3214 3596 3840 3895 3997 4133 4193 4361 4420 4581 4677 4918 4983 5112 5328 5425 5446 5635 5773 
0 2987 3292 3610 3874 3948 4053 4144 4233 4438 4487 4613 4725 4929 5056 5146 5417 5480 5508 5678 5795 
0 2988 3321 3652 3877 4024 4086 4205 4274 4481 4540 4699 4801 4966 5115 5226 5502 5508 5603 5766 5826 
0 3058 3389 3740 3892 4034 4157 4239 4294 4502 4603 4786 4896 5007 5116 5279 5507 5551 5654 5806 5831 
0 3098 3436 3751 3938 4121 4249 4259 4339 4548 4634 4845 4912 5040 5212 5308 5536 5619 5668 5810 5835 
0 3145 3496 3838 4029 4195 4338 4410 4432 4632 4716 4901 4948 5127 5250 5332 5625 5657 5758 5902 5922 
0 3207 3513 3904 4105 4289 4399 4506 4567 4696 4772 4903 5034 5173 5294 5364 5644 5674 5838 5987 6003 
0 3269 3575 3998 4154 4380 4473 4527 4651 4787 4803 4996 5128 5204 5336 5412 5695 5733 5847 6045 6054 
0 3365 3654 4020 4234 4468 4537 4561 4720 4820 4920 5095 5162 5250 5391 5421 5795 5814 5848 6065 6113 
0 3443 3730 4116 4267 4514 4595 4679 4780 4873 4944 5147 5215 5299 5488 5542 5831 5853 5881 6102 6193 
0 3525 3731 4182 4303 4568 4659 4705 4878 4934 5010 5190 5241 5325 5492 5638 5880 5890 5906 6157 6225 
0 3573 3767 4224 4315 4579 4752 4767 4909 4967 5094 5222 5320 5368 5556 5706 5922 5966 6036 6216 6246 
0 3596 3864 4319 4370 4655 4815 4857 4969 5053 5175 5249 5378 5405 5639 5804 6020 6078 6084 6221 6335 
0 3674 3884 4334 4453 4723 4871 4892 4994 5083 5243 5348 5469 5524 5684 5816 6043 6081 6095 6245 6435 
0 3732 3971 4394 4504 4780 4914 4979 5093 5114 5338 5359 5484 5618 5695 5860 6109 6190 6239 6257 6468 
0 3773 4020 4491 4556 4798 4976 5032 5131 5159 5434 5498 5541 5675 5795 5952 6134 6210 6302 6384 6475 
0 3809 4026 4506 4567 4803 4988 5047 5202 5278 5479 5576 5604 5689 5859 6043 6140 6239 6375 6476 6563 
0 3890 4087 4586 4674 4883 5071 5171 5288 5359 5571 5639 5718 5754 5913 6094 6147 6243 6404 6557 6634 
0 3927 4098 4640 4709 4960 5076 5188 5351 5365 5634 5735 5745 5805 6005 6123 6160 6302 6410 6562 6639 
0 3969 4126 4680 4742 4986 5173 5262 5428 5471 5636 5819 5847 5862 6076 6187 6272 6356 6464 6599 6728 
0 4038 4129 4710 4815 4990 5185 5338 5478 5501 5709 5846 5940 5963 6081 6234 6334 6365 6564 6666 6799 
0 4108 4221 4725 4861 5012 5198 5397 5547 5601 5766 5877 5960 6009 6110 6255 6335 6444 6617 6691 6817 
0 4119 4255 4776 4899 5067 5234 5408 5608 5637 5845 5975 6074 6109 6116 6308 6345 6490 6707 6775 6865 
0 4213 4338 4871 4927 5144 5270 5498 5701 5788 5906 6030 6140 6151 6173 6380 6419 6506 6742 6816 6936 
0 4266 4358 4936 4999 5224 5361 5558 5799 5823 5977 6055 6221 6307 6363 6409 6511 6566 6757 6852 6942 
0 4301 4441 5007 5071 5299 5383 5658 5815 5895 5995 6144 6317 6373 6454 6530 6535 6644 6793 6934 7028 
0 4344 4508 5102 5142 5319 5432 5701 5858 5964 6076 6145 6397 6465 6506 6549 6646 6653 6862 6986 7082 
0 4437 4509 5112 5233 5412 5492 5735 5910 6014 6088 6244 6428 6466 6565 6615 6718 6756 6914 7026 7175 
0 4530 4589 5143 5311 5451 5494 5781 5921 6109 6181 6279 6483 6534 6656 6683 6772 6847 6927 7034 7207 
0 4557 4687 5233 5366 5524 5559 5856 5933 6209 6249 6345 6505 6556 6677 6716 6818 6848 6970 7059 7285 
0 4614 4778 5332 5403 5550 5572 5908 5943 6233 6315 6364 6572 6623 6763 6800 6889 6906 7037 7124 7316 
0 4708 4842 5343 5478 5606 5629 5935 5954 6285 6363 6445 6595 6700 6794 6842 6968 7017 7095 7201 7321 
0 4762 4906 5364 5528 5662 5754 5967 6015 6314 6380 6485 6691 6793 6887 6982 6985 7043 7108 7258 7331 
